Run : 30
Population : 100
Iteration: 1000
AVG_SSE : 114
Execution Time :507.123(s)
Best_SSE : 100
Category_Result : 
0 0 0 0 1 0 1 1 0 0 0 0 0 0 0 0 0 1 0 0 0 0 0 2 1 0 0 0 0 0 0 0 0 0 0 0 0 0 0 0 0 1 0 0 0 0 0 0 1 0 
2 1 2 1 1 2 1 1 1 2 2 2 1 1 1 2 1 1 1 1 2 1 1 1 1 1 1 1 1 0 2 1 1 2 1 2 2 2 1 2 1 1 1 1 1 1 1 1 0 1 
2 1 2 1 2 2 0 2 2 1 1 2 2 1 1 1 1 2 2 1 2 2 2 1 1 2 2 1 1 2 2 1 2 1 2 2 2 2 1 2 2 2 1 2 2 0 1 1 2 2 

Run : 30
Population : 200
Iteration: 500
AVG_SSE : 93
Execution Time :513.557(s)
Best_SSE : 90
Category_Result : 
0 0 0 0 0 0 0 0 0 0 0 0 0 0 1 0 0 0 0 0 0 0 0 0 0 0 0 0 0 1 1 0 0 0 0 1 0 0 1 0 0 0 1 0 0 0 0 0 1 0 
2 1 1 1 1 1 2 1 1 1 1 1 1 1 1 1 1 1 1 1 1 1 1 2 1 1 1 1 1 2 1 1 1 2 2 1 2 1 1 2 1 1 1 1 1 1 1 1 0 1 
2 1 2 2 2 2 1 2 2 2 2 2 2 1 2 1 2 2 2 1 2 1 2 1 2 1 1 2 1 2 2 2 2 1 1 1 2 1 2 2 2 2 1 2 1 1 2 2 1 1 

Run : 30
Population : 400
Iteration: 250
AVG_SSE : 89
Execution Time :512.855(s)
Best_SSE : 89
Category_Result : 
0 0 0 0 0 0 0 0 0 1 0 0 0 0 0 0 0 0 0 0 0 0 0 0 1 1 0 0 0 0 0 0 0 0 0 0 1 0 0 0 0 1 0 0 1 0 0 0 0 0 
2 1 1 1 1 2 1 1 1 1 1 1 1 1 1 1 2 2 1 1 1 1 1 1 1 1 1 1 1 1 1 1 1 1 1 1 1 1 1 1 1 1 1 1 1 2 1 1 0 1 
2 2 2 2 2 2 1 2 2 2 1 1 2 2 2 2 1 1 2 1 2 1 2 1 2 2 2 1 1 2 1 2 2 2 1 2 2 2 1 2 2 2 1 2 2 1 2 2 2 1 

Run : 30
Population : 500
Iteration: 200
AVG_SSE : 89
Execution Time :358.877(s)
Best_SSE : 89
Category_Result : 
0 0 0 0 0 0 0 0 0 0 0 0 1 0 0 0 0 0 0 0 0 0 0 0 0 0 0 0 0 1 0 0 0 0 0 0 0 0 0 1 0 0 0 0 0 0 0 1 0 0 
1 1 1 1 1 1 1 1 1 1 1 1 1 1 1 1 1 1 1 1 2 1 2 1 1 1 1 2 2 1 1 1 1 2 1 1 1 1 1 1 1 1 1 1 1 1 1 1 1 1 
2 1 2 2 2 1 2 2 2 2 2 1 1 2 2 2 2 2 2 1 2 2 2 1 2 2 2 2 2 1 2 2 2 1 2 2 1 2 1 1 2 2 1 2 2 2 1 2 2 2 

Run : 30
Population : 1000
Iteration: 100
AVG_SSE : 89
Execution Time :359.778(s)
Best_SSE : 89
Category_Result : 
0 0 0 1 0 0 0 0 0 0 0 0 0 0 0 0 0 0 0 0 0 0 0 0 0 1 0 0 0 0 0 0 0 0 0 0 0 0 0 0 0 0 0 0 0 0 0 0 0 0 
1 1 1 1 1 1 1 1 1 1 1 1 1 1 1 1 1 1 1 1 2 1 1 1 1 1 1 2 1 1 1 1 1 1 1 1 1 1 1 1 1 1 2 1 1 1 1 1 1 1 
2 2 2 2 2 2 2 2 2 2 2 2 2 2 2 2 1 2 2 2 2 2 2 2 2 2 1 2 2 2 2 2 2 1 1 2 2 2 2 2 2 1 2 2 2 2 1 2 1 2 

Run : 30
Population : 2000
Iteration: 50
AVG_SSE : 89
Execution Time :673.832(s)
Best_SSE : 89
Category_Result : 
0 0 0 0 0 0 1 0 0 0 0 0 0 0 0 0 1 0 0 0 0 0 0 1 0 1 0 0 1 0 0 0 0 0 1 0 0 0 0 0 0 1 0 0 0 0 0 0 0 0 
1 2 1 1 2 1 1 1 1 1 1 1 1 1 1 1 1 1 1 1 1 1 1 1 1 1 1 1 1 1 1 2 1 2 1 2 1 2 1 1 1 1 1 1 1 1 1 1 0 1 
2 1 2 2 2 2 1 1 1 2 1 2 1 2 2 2 2 2 2 2 2 2 2 1 2 2 1 2 2 2 2 2 2 1 1 1 2 1 1 2 2 1 1 2 2 2 1 1 2 1 

Run : 30
Population : 5000
Iteration: 20
AVG_SSE : 117
Execution Time :377.802(s)
Best_SSE : 107
Category_Result : 
0 0 0 0 0 0 0 0 0 0 0 0 0 1 0 0 0 0 0 0 0 0 0 0 0 0 1 0 0 0 0 1 0 0 0 0 0 1 0 0 0 1 0 1 0 0 0 0 1 0 
1 1 1 0 2 2 2 1 2 0 1 2 1 1 0 2 2 1 1 2 1 1 2 1 1 1 1 1 1 1 0 1 1 2 0 1 2 1 1 2 2 2 2 1 1 2 1 1 1 1 
2 1 2 1 1 2 1 2 2 2 2 1 2 2 2 1 1 2 2 1 2 2 2 1 2 2 2 0 1 1 1 1 2 1 1 2 2 2 2 1 1 2 1 2 0 2 2 2 2 1 
Run : 30
Population : 1000
Iteration: 100
AVG_SSE : 89
Execution Time :493.073(s)
Best_SSE : 89
Category_Result : 
0 0 0 0 0 0 0 1 0 0 0 0 1 0 0 0 0 0 0 0 0 0 0 0 0 0 0 0 0 0 0 0 0 0 1 0 0 0 0 0 0 0 0 0 0 0 0 0 0 0 
1 1 1 1 1 1 1 1 1 1 1 1 1 2 1 1 1 1 1 1 2 1 1 1 1 1 1 1 1 1 1 1 1 2 1 1 1 2 1 1 1 1 1 1 1 1 1 1 1 1 
2 2 2 2 2 2 2 2 2 2 2 1 2 1 2 2 2 2 2 2 2 2 2 1 2 2 1 2 1 1 2 2 2 1 1 2 2 1 2 2 2 2 2 2 2 2 2 1 2 2 
Run : 30
Population : 500
Iteration: 200
AVG_SSE : 89
Execution Time :538.005(s)
Best_SSE : 89
Category_Result : 
0 1 0 0 0 0 0 0 0 1 0 0 0 0 0 0 0 0 0 0 0 0 0 1 1 1 0 0 0 0 0 0 0 0 0 0 0 0 0 0 1 0 0 0 0 0 0 1 0 0 
1 1 1 1 1 1 1 1 1 1 1 1 1 2 1 1 1 2 1 1 2 1 2 1 1 2 1 1 1 1 1 1 1 1 1 2 1 1 1 1 1 1 1 1 1 1 1 1 0 1 
2 1 2 2 1 2 1 1 2 2 2 2 2 1 2 2 2 2 2 1 2 1 2 2 2 2 1 1 2 1 2 1 1 1 2 2 2 1 2 1 2 2 1 2 2 1 2 1 2 2 Run : 5
Population : 500
Iteration: 200
AVG_SSE : 89
Execution Time :86.1046(s)
Best_SSE : 89
Accuracy : 84.6667%
Category_Result : 

0 0 0 0 0 0 0 0 0 0 0 0 0 0 0 0 0 0 0 0 1 0 0 1 0 1 0 0 0 0 0 0 0 0 0 0 0 0 0 0 0 1 0 0 0 0 0 0 0 0 
1 1 1 1 1 1 1 1 2 1 1 1 1 1 0 1 2 1 1 1 1 1 1 1 1 1 1 2 1 1 1 1 1 1 1 2 1 1 1 1 2 1 1 1 1 1 1 2 1 1 
2 1 2 2 2 2 1 2 2 2 2 1 2 2 2 2 1 2 2 2 2 2 2 1 2 1 2 1 2 2 2 2 2 1 2 2 1 2 1 1 2 2 2 2 2 2 2 2 2 1 Run : 5
Population : 500
Iteration: 200
AVG_SSE : 89
Execution Time :91.3117(s)
Best_SSE : 89
Accuracy : 87.3333%
Category_Result : 

0 1 0 0 0 0 0 0 0 0 0 0 0 0 0 0 0 0 0 0 0 0 0 0 0 1 0 0 0 0 1 0 0 0 0 0 0 0 0 0 0 0 0 0 0 0 0 0 1 0 
1 1 1 1 1 1 1 1 1 1 1 1 1 1 1 2 1 1 1 1 1 1 1 1 1 1 1 1 1 1 1 1 1 1 1 1 1 1 1 2 1 1 1 1 1 2 1 1 2 1 
2 2 2 2 2 2 1 2 2 1 2 2 2 2 2 2 2 2 2 1 2 1 2 1 2 2 1 1 2 1 2 2 2 2 2 2 2 2 2 2 2 1 1 2 2 2 1 2 2 2 Run : 1
Population : 1200
Iteration: 100
AVG_SSE : 92
Execution Time :20.2153(s)
Best_SSE : 92
Accuracy : 90%
Category_Result : 

0 0 0 0 0 0 0 0 0 0 0 0 0 0 0 0 0 0 0 0 0 0 0 0 0 0 0 0 0 0 0 0 0 0 0 0 0 0 0 0 0 0 0 0 0 0 0 0 0 0 
2 1 2 1 1 1 1 1 1 1 1 1 1 1 1 1 1 1 1 1 1 1 1 1 1 1 2 2 1 1 1 1 1 1 1 1 2 1 1 2 1 1 2 1 1 1 1 1 1 1 
2 1 2 2 2 2 1 2 2 2 2 2 2 1 2 2 2 2 2 1 2 2 2 2 2 2 1 1 2 2 2 2 2 2 2 2 1 2 2 2 2 2 1 2 2 2 2 2 2 2 Run : 1
Population : 1200
Iteration: 100
AVG_SSE : 83
Execution Time :20.1051(s)
Best_SSE : 83
Accuracy : 88.6667%
Category_Result : 

0 0 0 0 0 0 0 0 0 0 0 0 0 0 0 0 0 0 0 0 0 0 0 0 0 0 0 0 0 0 0 0 0 0 0 0 0 0 0 0 0 0 0 0 0 0 0 0 0 0 
1 1 2 1 1 1 1 1 1 1 1 1 1 1 1 1 1 1 1 1 1 1 1 1 1 1 1 2 1 1 1 1 1 1 1 1 1 1 1 1 1 1 1 1 1 1 1 1 1 1 
2 1 2 2 2 2 1 2 2 2 2 2 2 1 2 2 1 2 2 1 2 1 2 2 2 2 1 1 2 2 2 2 2 1 1 2 1 2 1 2 2 2 1 2 2 2 1 2 2 1 Run : 1
Population : 1200
Iteration: 100
AVG_SSE : 84
Execution Time :20.0649(s)
Best_SSE : 84
Accuracy : 88.6667%
Category_Result : 

0 0 0 0 0 0 0 0 0 0 0 0 0 0 0 0 0 0 0 0 0 0 0 0 0 0 0 0 0 0 0 0 0 0 0 0 0 0 0 0 0 0 0 0 0 0 0 0 0 0 
2 1 2 1 1 1 1 1 1 1 1 1 1 1 1 1 1 1 1 1 1 1 1 1 1 1 1 2 1 1 1 1 1 2 1 1 1 1 1 1 1 1 1 1 1 1 1 1 1 1 
2 1 2 2 2 2 1 2 2 2 2 2 2 1 2 2 2 2 2 1 2 1 2 2 2 2 1 1 2 2 2 2 1 1 2 2 2 1 1 2 2 2 1 2 2 2 2 2 2 1 Run : 1
Population : 1200
Iteration: 100
AVG_SSE : 96
Execution Time :20.156(s)
Best_SSE : 96
Accuracy : 88.6667%
Category_Result : 

0 0 0 0 0 0 0 0 0 0 0 0 0 0 0 0 0 0 0 0 0 0 0 0 0 0 0 0 0 0 0 0 0 0 0 0 0 0 0 0 0 0 0 0 0 0 0 0 0 0 
2 1 2 1 1 1 1 1 2 1 1 1 1 1 1 1 1 1 1 1 1 1 1 1 1 1 2 2 1 1 1 1 1 1 2 1 1 1 1 1 2 1 1 1 1 1 1 1 0 2 
2 2 2 2 2 2 2 2 2 2 2 2 2 1 1 2 2 2 2 1 2 1 2 2 2 2 1 1 2 2 2 2 2 2 2 2 2 2 1 2 2 2 1 2 2 2 2 2 2 2 Run : 1
Population : 1200
Iteration: 100
AVG_SSE : 84
Execution Time :20.0903(s)
Best_SSE : 84
Accuracy : 88.6667%
Category_Result : 

0 0 0 0 0 0 0 0 0 0 0 0 0 0 0 0 0 0 0 0 0 0 0 0 0 0 0 0 0 0 0 0 0 0 0 0 0 0 0 0 0 0 0 0 0 0 0 0 0 0 
2 1 2 1 1 1 1 1 1 1 1 1 1 1 1 1 1 1 1 1 1 1 1 1 1 1 1 2 1 1 1 1 1 1 1 1 1 1 1 1 1 1 1 1 2 1 1 1 0 1 
2 1 2 2 2 2 1 2 2 2 2 2 2 1 2 2 2 2 2 1 2 1 2 1 2 2 1 1 2 2 2 2 2 1 2 2 2 2 1 2 2 2 1 2 2 2 1 2 2 2 Run : 1
Population : 1200
Iteration: 100
AVG_SSE : 82
Execution Time :20.202(s)
Best_SSE : 82
Accuracy : 89.3333%
Category_Result : 

0 0 0 0 0 0 0 0 0 0 0 0 0 0 0 0 0 0 0 0 0 0 0 0 0 0 0 0 0 0 0 0 0 0 0 0 0 0 0 0 0 0 0 0 0 0 0 0 0 0 
2 1 2 1 1 1 1 1 1 1 1 1 1 1 1 1 1 1 1 1 1 1 1 1 1 1 2 2 1 1 1 1 1 1 1 1 1 1 1 1 1 1 1 1 1 1 1 1 1 1 
2 1 2 2 2 2 1 2 2 2 2 2 2 2 2 2 2 2 2 1 2 1 2 1 2 2 1 2 2 2 2 2 2 1 2 2 2 2 1 2 2 2 1 2 2 2 1 1 2 1 Run : 1
Population : 1200
Iteration: 100
AVG_SSE : 85
Execution Time :20.2793(s)
Best_SSE : 85
Accuracy : 88.6667%
Category_Result : 

0 0 0 0 0 0 0 0 0 0 0 0 0 0 0 0 0 0 0 0 0 0 0 0 0 0 0 0 0 0 0 0 0 0 0 0 0 0 0 0 0 0 0 0 0 0 0 0 0 0 
2 1 2 1 1 1 1 1 1 1 1 1 1 1 1 1 1 1 2 1 1 1 1 2 1 1 2 2 1 1 1 1 1 1 1 1 2 1 1 1 1 1 1 1 1 1 1 1 1 1 
2 1 2 2 2 2 1 2 2 2 2 2 2 1 1 2 2 2 2 1 2 2 2 1 2 2 2 2 2 2 2 2 2 2 2 2 2 2 1 2 2 2 1 2 2 2 1 2 2 1 Run : 1
Population : 1200
Iteration: 100
AVG_SSE : 87
Execution Time :20.176(s)
Best_SSE : 87
Accuracy : 90%
Category_Result : 

0 0 0 0 0 0 0 0 0 0 0 0 0 0 0 0 0 0 0 0 0 0 0 0 0 0 0 0 0 0 0 0 0 0 0 0 0 0 0 0 0 0 0 0 0 0 0 0 0 0 
2 1 2 1 1 1 1 1 1 1 1 1 1 1 1 1 1 1 1 1 1 1 1 1 1 1 1 2 1 1 1 1 1 1 1 1 1 1 1 1 1 1 1 1 1 1 1 1 1 1 
2 1 2 2 2 2 1 2 2 2 2 2 2 1 1 2 2 2 2 1 2 1 2 2 2 2 2 2 2 2 2 2 2 2 2 2 2 1 1 2 2 2 1 2 1 2 1 1 2 2 Run : 1
Population : 1200
Iteration: 100
AVG_SSE : 88
Execution Time :20.9762(s)
Best_SSE : 88
Accuracy : 90.6667%
Category_Result : 

0 0 0 0 0 0 0 0 0 0 0 0 0 0 0 0 0 0 0 0 0 0 0 0 0 0 0 0 0 0 0 0 0 0 0 0 0 0 0 0 0 0 0 0 0 0 0 0 0 0 
2 1 2 1 1 1 1 1 1 1 1 2 1 1 1 1 1 1 2 1 1 1 1 1 1 1 2 2 1 1 1 1 1 1 1 1 2 1 1 1 1 1 1 1 1 1 1 1 1 1 
2 1 2 2 2 2 1 2 2 2 2 2 2 1 2 2 2 2 2 2 2 1 2 2 2 2 2 2 2 2 2 2 2 2 2 2 2 1 1 2 2 2 1 2 2 2 2 2 2 2 Run : 1
Population : 1200
Iteration: 100
AVG_SSE : 82
Execution Time :20.6949(s)
Best_SSE : 82
Accuracy : 45.3333%
Category_Result : 

0 0 0 0 0 0 0 0 0 0 0 0 0 0 0 0 0 0 0 0 0 0 0 0 0 0 0 0 0 0 0 0 0 0 0 0 0 0 0 0 0 0 0 0 0 0 0 0 0 0 
1 2 1 2 2 2 2 2 2 2 2 2 2 2 2 2 2 2 2 2 2 2 2 2 2 2 1 1 2 2 2 2 2 2 2 2 2 2 2 2 2 2 2 2 2 2 2 2 2 2 
1 2 1 1 1 1 2 1 1 1 1 1 1 2 1 1 1 1 1 2 1 2 1 2 1 1 2 2 1 1 1 1 1 2 2 1 1 1 2 1 1 2 2 1 1 1 2 1 1 1 Run : 1
Population : 1200
Iteration: 100
AVG_SSE : 82
Execution Time :20.8697(s)
Best_SSE : 82
Accuracy : 88.6667%
Category_Result : 

0 0 0 0 0 0 0 0 0 0 0 0 0 0 0 0 0 0 0 0 0 0 0 0 0 0 0 0 0 0 0 0 0 0 0 0 0 0 0 0 0 0 0 0 0 0 0 0 0 0 
1 1 2 1 1 1 1 1 1 1 1 1 1 1 1 1 1 1 1 1 1 1 1 1 1 1 1 2 1 1 1 1 1 1 1 1 1 1 1 1 1 1 1 1 1 1 1 1 1 1 
2 1 2 2 2 2 1 2 2 2 1 2 2 1 1 2 2 2 2 1 2 1 2 1 2 2 1 2 2 2 2 2 2 1 2 2 2 2 1 2 2 1 1 2 2 2 1 2 2 1 Run : 1
Population : 1200
Iteration: 100
AVG_SSE : 4598
Execution Time :21.0803(s)
Best_SSE : 4598
Accuracy : 58.6667%
Category_Result : 

0 0 0 0 0 0 0 0 0 0 0 0 0 0 0 0 0 0 0 0 0 0 0 0 0 0 0 0 0 0 0 0 0 0 0 0 0 0 0 0 0 0 0 0 0 0 0 0 0 0 
2 1 1 0 1 1 0 0 2 0 0 1 1 2 0 2 0 0 2 0 2 0 2 0 0 0 2 2 1 0 0 0 0 2 1 0 2 0 0 0 0 1 0 0 1 0 0 0 0 0 
2 1 2 2 2 2 0 2 2 2 1 1 1 0 2 1 2 1 2 0 2 0 2 2 2 2 0 1 1 2 1 2 2 1 0 2 2 2 0 1 2 0 2 2 2 1 2 2 0 0 Run : 1
Population : 1200
Iteration: 100
AVG_SSE : 85
Execution Time :20.369(s)
Best_SSE : 85
Accuracy : 88.6667%
Category_Result : 

0 0 0 0 0 0 0 0 0 0 0 0 0 0 0 0 0 0 0 0 0 0 0 0 0 0 0 0 0 0 0 0 0 0 0 0 0 0 0 0 0 0 0 0 0 0 0 0 0 0 
2 1 2 1 1 1 1 1 1 1 1 1 1 1 1 1 1 1 1 1 1 1 1 1 1 1 1 2 1 1 1 1 1 1 1 1 1 1 1 1 1 1 1 1 1 1 1 1 1 1 
2 2 2 2 1 2 1 2 2 2 2 2 2 1 1 2 2 2 2 1 2 1 2 1 2 2 1 1 2 2 2 2 2 1 2 2 2 1 2 2 2 2 1 2 2 2 1 2 2 1 Run : 1
Population : 1200
Iteration: 100
AVG_SSE : 96
Execution Time :20.6749(s)
Best_SSE : 96
Accuracy : 44.6667%
Category_Result : 

0 0 0 0 0 0 0 0 0 0 0 0 0 0 0 0 0 0 0 0 0 0 0 0 0 0 0 0 0 0 0 0 0 0 0 0 0 0 0 0 0 0 0 0 0 0 0 0 0 0 
1 2 1 2 2 2 2 2 2 2 2 2 2 2 2 2 2 2 2 2 2 2 2 2 2 2 2 1 2 2 2 2 2 2 2 2 2 2 2 2 2 2 2 2 2 2 1 1 0 2 
1 2 1 1 1 1 2 1 1 1 1 1 1 2 1 1 1 1 1 2 1 1 1 2 1 2 2 1 2 1 1 1 1 1 1 1 1 2 1 1 1 1 2 1 1 1 2 1 1 2 Run : 1
Population : 1200
Iteration: 100
AVG_SSE : 89
Execution Time :20.7376(s)
Best_SSE : 89
Accuracy : 88%
Category_Result : 

0 0 0 0 0 0 0 0 0 0 0 0 0 0 0 0 0 0 0 0 0 0 0 0 0 0 0 0 0 0 0 0 0 0 0 0 0 0 0 0 0 0 0 0 0 0 0 0 0 0 
2 1 2 1 1 1 1 1 1 1 1 1 1 1 1 2 1 1 1 1 1 1 1 1 1 1 1 1 1 1 1 1 1 2 1 1 1 1 1 1 2 1 1 1 1 1 1 1 0 1 
2 1 2 2 2 2 1 2 2 2 2 2 2 1 2 2 2 2 2 1 2 1 2 1 2 2 1 2 2 2 2 2 2 1 1 2 2 2 2 2 2 2 1 2 2 2 2 1 2 1 Run : 1
Population : 1200
Iteration: 100
AVG_SSE : 92
Execution Time :20.5297(s)
Best_SSE : 92
Accuracy : 85.3333%
Category_Result : 

0 0 0 0 0 0 0 0 0 0 0 0 0 0 0 0 0 0 0 0 0 0 0 0 0 0 0 0 0 0 0 0 0 0 0 0 0 0 0 0 0 0 0 0 0 0 0 0 0 0 
2 2 2 1 1 1 1 1 1 1 1 1 1 2 1 1 1 1 1 1 2 1 1 1 1 1 1 2 1 1 1 1 1 1 1 1 1 1 1 1 1 2 1 1 1 1 1 1 0 1 
2 1 2 2 2 1 1 2 2 2 2 2 2 1 1 2 2 2 2 1 2 1 2 2 2 2 1 1 2 2 2 2 2 1 2 2 2 2 1 2 2 2 1 2 2 2 1 2 2 1 Run : 1
Population : 1200
Iteration: 100
AVG_SSE : 90
Execution Time :22.5107(s)
Best_SSE : 90
Accuracy : 86%
Category_Result : 

0 0 0 0 0 0 0 0 0 0 0 0 0 0 0 0 0 0 0 0 0 0 0 0 0 0 0 0 0 0 0 0 0 0 0 0 0 0 0 0 0 0 0 0 0 0 0 0 0 0 
2 2 2 1 2 1 1 1 1 1 1 1 1 1 1 1 1 1 1 1 2 1 1 1 1 1 2 2 1 1 1 1 1 1 1 1 1 1 1 1 1 1 1 1 1 1 1 1 0 1 
2 1 2 2 2 2 1 2 2 2 2 2 2 1 2 2 2 2 2 1 2 1 2 1 2 2 1 1 2 2 1 2 2 1 2 2 2 2 1 2 2 2 1 2 2 2 2 1 2 2 Run : 1
Population : 1200
Iteration: 100
AVG_SSE : 85
Execution Time :21.7285(s)
Best_SSE : 85
Accuracy : 88.6667%
Category_Result : 

0 0 0 0 0 0 0 0 0 0 0 0 0 0 0 0 0 0 0 0 0 0 0 0 0 0 0 0 0 0 0 0 0 0 0 0 0 0 0 0 0 0 0 0 0 0 0 0 0 0 
2 1 2 1 1 1 1 1 1 1 1 1 1 1 1 1 1 1 1 1 1 1 1 1 1 1 2 2 1 1 2 1 1 1 1 1 2 1 1 1 1 1 1 1 1 1 1 1 1 1 
2 1 2 2 2 2 1 2 2 2 2 2 2 1 2 2 2 2 2 1 2 1 2 2 2 2 1 1 2 2 2 2 2 1 2 2 2 2 1 2 2 2 1 2 2 2 2 2 2 1 Run : 1
Population : 1200
Iteration: 100
AVG_SSE : 84
Execution Time :20.7806(s)
Best_SSE : 84
Accuracy : 91.3333%
Category_Result : 

0 0 0 0 0 0 0 0 0 0 0 0 0 0 0 0 0 0 0 0 0 0 0 0 0 0 0 0 0 0 0 0 0 0 0 0 0 0 0 0 0 0 0 0 0 0 0 0 0 0 
1 1 2 1 1 1 1 1 1 1 1 1 1 1 1 1 1 1 1 1 1 1 1 1 1 1 1 2 1 1 1 1 1 1 1 1 1 1 1 1 1 1 1 1 1 1 1 2 1 1 
2 1 2 2 2 2 1 2 2 2 2 2 2 1 1 2 2 2 2 1 2 2 2 2 2 2 1 1 2 2 2 2 2 1 2 2 2 2 1 2 2 2 1 2 2 2 2 2 2 2 