1200 628
2400 613
3600 593
4800 590
6000 576
7200 565
8400 549
9600 541
10800 519
12000 492
13200 450
14400 465
15600 461
16800 454
18000 428
19200 363
20400 399
21600 388
22800 352
24000 351
25200 326
26400 317
27600 296
28800 279
30000 274
31200 251
32400 247
33600 238
34800 224
36000 216
37200 194
38400 187
39600 174
40800 164
42000 162
43200 154
44400 148
45600 144
46800 144
48000 143
49200 140
50400 138
51600 135
52800 133
54000 133
55200 130
56400 129
57600 128
58800 121
60000 121
61200 116
62400 116
63600 112
64800 113
66000 105
67200 105
68400 102
69600 102
70800 102
72000 98
73200 97
74400 96
75600 95
76800 94
78000 92
79200 92
80400 91
81600 90
82800 89
84000 88
85200 88
86400 87
87600 87
88800 86
90000 85
91200 84
92400 84
93600 83
94800 82
96000 82
97200 82
98400 82
99600 82
100800 82
102000 82
103200 82
104400 82
105600 82
106800 82
108000 82
109200 82
110400 82
111600 82
112800 82
114000 82
115200 81
116400 81
117600 81
118800 81
120000 81
